Ι

1111111111111111 111. 111. 11. 11. 1119

1111111111111111111111111111111 111111111111 nguentum· moa
111111111111111111 11111111 1111111· 11111111111111111111, 1111111111·
111111 mum. ι 11111111 bonum 111111111111 111111,

1111111111111111111111111111111· 111. 17. 11. Ρ1111 111111111111
1111111 111111Ρ111111111111 bomo. 111111 1111111111,1111111111, 1111111·
1111 1111111111, 111 11111111111111111 111111,111111111111111111,11111111
1111111111 1111111 1111111111111111. 111111 11111111111111 11111 1111111
Idm 111111111111.

111 Ῡ11111111111111111111Ηῖ111111 1Ρ11 ΒΙ11111111111]1111 11111
delectatione 1111111111 1111111, 11 fidon 111111 ergo ddum-duffi-
11111111111111111111111111111111111 1111111 1111111111, 11 1111111111111 ,
111111 quom 111111 hojo· 111111· du, 91111 1111111 11111111 1111111111,
11111, 11111111 1111111111111111, 111· 11111111. Donum·

1111111111111 11111111 111111111 Fumo 1111111111] ,1111 11111111
111111 AEochlno, qui 11111111111111· (111111111111.111 11111 11111111·
1111111111. 11111. 111111111111111111111111111111

1111111. 11111111111.11.1.111 1111111111. 111111111111111111111,
1111111111, 11 Ρ1. 111 11111111. 11. o. 1]1111111Η111111111111111111,111·
111111111111.11.11 1111,11111111- 111 1111 debuerunt tantopere 1111111
1111111111 11 11111.11.11.11111111111111111111111111111111111.
11111111111111. 11.11.111,1111111· 11111111.
1111.111118.11.11..11111 1111 10111 m] 111111111 111, 111 .
1111111 1111 1111111111 11111 111 interrogatis. 11111.

11111111 1111111111 11. 11. 1111,11 1 mumma] 11 oot,oon
1111111111.1111 11 maneum 11 111111111 11111111111111111111111·
11111.11.11.11111111 11111111 11. 1111111111111111111111111111. =
11111 protom omittit. 1111111111 0 11111111, Ρ111111 pum] 111·
111· 111 sactum. altem. 111 s. 11. 11. 11 1111111111 11 111 1111111 utro·
1111111 1111111. 11. 11. 1111111 111- 11111111111111 11111111 1111111111,
¹ 11111111. 11. 11. 1111 111 quio 1111 11 Ε111111111 11111111, 1111111111
1111. 11. 111. 1 1111111111. 111, 1111111111111 11 Reginae, 1111111
1131111111111111111111111111,11· 1111111111111111.11111. - - ·
1111111111 11111111111. 11. 111, 1 fluo 1111111111 {duo 1111111]
1111 1111111111111 1111111111, 11 Donusam 11 1111111. 1111111111.
11111111111111,111 11111. 11. 11. 111· 811111111111111111111111 11,* 111·
1111 1111111. duo: 11 111111. 1111.111111111111111111111111,11111111111
1111111111.11.11.1111111111111111111131111.
111111 11111111 111111 111111 po· 11111111111111]1111111111111111
1111. 11. 11. 1111 11 tmuium· poulo, 111 1111111 11 1111111111 uun
11111. 1111111 1111111111.11.1Ι.111 1111111. 1111111111.
1111111111, 11111. 11. 11. 11111111 11 711111111111111111111 1111111] Va·
11111. 1111111111 1111111111111- 1111111,11111111111111111. 1111111·
111. 11111, 111111111111 111 11111111, 11111

More· Hegioni· 111111 1111111111 111111 111111,11111111. 11111111.
111111101111111 1111111111 bono 1 1111111111 111 11111111] flio 11111
11 111111 11111111 omnio 111111· 11 1111111,111111Ι1111,11111111111 11·
1111111 11 1111 11111111, penem 1111111111 11 111, qua 1111111111 11·
111111111,11111 111111 11111111,1111 1111111111.

11111111111111111111. 111111 1111· 111111111111111]11,1111111.11
111111 111 11111111111,11111111111 1111111111. *1111111 111111111111.

 

